2
4
6
8
10
12
14
16
18
20
22
24
26
28
30
32
34
36
38
40
42
44
46
48
50
52
54
56
58
60
62
65
67
69
71
73
76
78
80
82
85
87
89
91
94
96
98
100
102
104
107
109
111
114
116
119
121
123
126
128
130
133
135
138
140
143
145
148
150
153
155
158
161
163
166
168
171
173
176
179
181
184
187
189
192
195
197
200
203
206
208
211
214
217
220
223
225
228
231
234
237
240
243
246
249
251
254
257
260
263
266
270
272
275
278
281
284
288
291
294
297
300
303
306
310
313
316
320
324
327
331
334
337
341
344
347
350
353
357
360
363
367
370
373
377
380
383
387
390
394
398
401
405
408
412
415
419
422
426
429
433
436
440
443
447
451
455
458
462
466
470
474
477
481
485
489
493
497
500
504
508
512
516
520
524
528
532
536
540
544
548
552
556
559
563
568
573
576
580
584
